"id" "total.count" "rat.count" "ckr.count" "xc" "yc" "market.dist" "sewer.dist" "catfeeding.dist"
9 6 3 3 440750 4483750 1048.1875 127 127
10 8 1 7 441750 4483750 872.744186046512 102.127906976744 333.53488372093
11 7 1 6 441750 4483500 635.685185185185 153.759259259259 156.333333333333
20 28 17 11 441500 4483000 323.130434782609 70.2608695652174 167.669565217391
40 5 0 5 444750 4482250 959 147 638
44 20 7 13 439000 4481750 236.316455696203 54.6075949367089 89.7341772151899
60 11 4 7 440500 4481250 437.68085106383 125.276595744681 96.0851063829787
69 8 5 3 439250 4481000 322.444444444444 281.333333333333 319.777777777778
107 6 5 1 440250 4480250 626.802547770701 70.7388535031847 185.624203821656
115 9 2 7 450000 4480250 1101.70731707317 57.609756097561 322.951219512195
128 7 1 6 450000 4480000 1269.57971014493 246.753623188406 383.173913043478
129 5 0 5 450250 4480000 1111.78181818182 173.527272727273 180.618181818182
131 5 3 2 439250 4479750 328.197802197802 215.967032967033 83.0659340659341
143 12 8 4 440250 4479500 417.876923076923 112.3 50.3
167 7 6 1 445500 4479250 279.139534883721 103.325581395349 59.8139534883721
192 5 2 3 443000 4478750 185.695652173913 273.478260869565 268.260869565217
219 18 6 12 434750 4478250 171.93023255814 414.255813953488 653.03488372093
224 12 9 3 440500 4478250 213.267326732673 135.079207920792 84.3069306930693
252 9 0 9 449750 4478000 540.357142857143 387.642857142857 387.642857142857
260 7 1 6 448500 4477750 183.333333333333 82.4838709677419 85.010752688172
277 8 7 1 445500 4477250 233.905405405405 99.5945945945946 167.040540540541
294 5 4 1 442750 4476750 481.607142857143 131.267857142857 105.982142857143
298 23 4 19 444000 4476750 169.045454545455 205.727272727273 413.727272727273
375 5 2 3 440000 4475750 467.814814814815 234.20987654321 183.333333333333
395 22 12 10 438250 4475500 227.846153846154 38.9230769230769 32.8846153846154
413 25 6 19 447750 4475500 276.876923076923 84.1384615384615 83.0307692307692
432 10 2 8 446250 4475250 611.290322580645 67.3225806451613 91.5806451612903
548 27 25 2 437000 4473250 84.7461538461538 60.5461538461538 108.646153846154
564 6 6 0 443500 4473250 614.714285714286 45.4285714285714 87.1428571428571
587 5 1 4 440500 4473000 167.532467532468 96.5844155844156 86.2467532467532
590 5 2 3 442250 4473000 231.692307692308 173.230769230769 173.230769230769
593 5 2 3 443750 4473000 343.105263157895 87.0131578947368 87.5394736842105
601 13 2 11 446500 4473000 759.5 86.8333333333333 138.666666666667
607 9 0 9 436250 4472750 512.288888888889 73 336.8
610 5 4 1 437000 4472750 302.333333333333 120.222222222222 88
614 16 8 8 440500 4472750 150.269841269841 80.2857142857143 81.2222222222222
651 11 6 5 443500 4472500 383.252427184466 140.621359223301 124.553398058252
657 18 6 12 445750 4472500 247.34328358209 72.1791044776119 132.835820895522
658 16 8 8 446000 4472500 293.027027027027 51.9189189189189 58.4324324324324
662 5 4 1 434500 4472250 182.134146341463 178.378048780488 82.2926829268293
676 10 6 4 439500 4472250 102.69014084507 113.408450704225 177.957746478873
686 7 6 1 444250 4472250 322.305084745763 57.8305084745763 94.6949152542373
711 7 4 3 440750 4472000 281.392857142857 82.7857142857143 58.8571428571429
752 5 2 3 435500 4471500 130.633333333333 260.383333333333 143.6
791 17 11 6 440750 4471250 175.909090909091 57.7575757575758 124.712121212121
816 21 4 17 439500 4471000 208.095238095238 47.6190476190476 76.0476190476191
847 36 13 23 440750 4470750 329.349206349206 70 123.095238095238
878 16 13 3 441000 4470500 636.833333333333 50.1666666666667 128.75
900 26 23 3 434500 4470250 227.392857142857 386.910714285714 86.5
906 10 7 3 437000 4470250 343.942857142857 92.3428571428571 283.614285714286
936 10 4 6 443750 4470000 103.635458167331 72.0597609561753 98.1752988047809
953 7 5 2 441500 4469750 119.764705882353 63.0980392156863 130.980392156863
1013 22 10 12 441000 4468000 166.84 31.8 55.68
1020 8 1 7 440750 4467500 294.513513513513 53.4864864864865 50.4864864864865
1053 5 4 1 441750 4466000 421.626666666667 47.4933333333333 53.3066666666667
1055 2 1 1 434000 4487500 7058.24137931035 1764.12643678161 1764.12643678161
1063 2 1 1 440500 4484000 1108 121.666666666667 121.666666666667
1069 1 1 0 439750 4483250 502.285714285714 871.285714285714 866.357142857143
1086 4 4 0 443750 4482500 316.409090909091 174.590909090909 45.6818181818182
1089 2 2 0 439500 4482250 633.285714285714 431.142857142857 441.142857142857
1099 3 3 0 438750 4482000 230.125 269.75 334.125
1112 3 3 0 438750 4481750 263.48275862069 184.758620689655 197.862068965517
1116 1 1 0 440750 4481750 664.666666666667 107.333333333333 425.333333333333
1123 3 1 2 440750 4481500 703.285714285714 173.071428571429 112.928571428571
1126 1 0 1 443500 4481500 661.764705882353 126.294117647059 412.882352941176
1157 2 0 2 438750 4480750 611.444444444444 85.7777777777778 106.888888888889
1159 1 0 1 439250 4480750 423 305.8 311.9
1165 1 1 0 450500 4480750 414.571428571429 64.2857142857143 229.714285714286
1169 2 2 0 430750 4480500 419.6875 544.25 1642.8125
1185 1 1 0 438500 4480250 118.372093023256 236.883720930233 78.7209302325581
1190 2 0 2 441250 4480250 282.130434782609 74.8260869565217 247.608695652174
1206 3 1 2 439000 4480000 155.823529411765 162.147058823529 237.735294117647
1209 1 1 0 440000 4480000 852.756756756757 142.837837837838 133.459459459459
1259 1 0 1 433500 4479250 211.175 209.3875 331.5375
1262 2 2 0 434750 4479250 1025.65217391304 624.739130434783 754.826086956522
1332 1 0 1 439250 4478500 1065.42857142857 548.642857142857 550.928571428571
1365 2 0 2 442500 4478250 530.238095238095 537.47619047619 481.333333333333
1397 1 0 1 439750 4477750 750.277777777778 110.314814814815 102.555555555556
1424 2 1 1 448500 4477500 323.404255319149 39.5106382978723 45.4255319148936
1453 1 0 1 439250 4476750 350.193548387097 221.806451612903 147
1494 3 2 1 444000 4476250 334.5 300 334.25
1502 2 0 2 439500 4476000 167.673913043478 238.586956521739 167.108695652174
1513 4 2 2 445250 4476000 285 142.3671875 129.984375
1523 2 1 1 443000 4475750 101.076923076923 425.769230769231 306.015384615385
1545 1 0 1 438250 4475250 80.7 39.1 60.3
1652 4 2 2 439750 4473000 281.4375 209.625 247
1692 3 3 0 434250 4472250 504.527777777778 288.944444444444 273.027777777778
1715 1 0 1 436500 4472000 272.571428571429 80.5 40.2857142857143
1721 1 0 1 445250 4472000 674.222222222222 125.666666666667 69.7777777777778
1768 1 1 0 436500 4471000 419.555555555556 261.666666666667 259.888888888889
1797 3 2 1 436750 4470500 410.653846153846 192.807692307692 270.576923076923
1814 3 1 2 439250 4470250 275.875 58.625 565.125
1838 4 0 4 443750 4469750 145.630136986301 63.1369863013699 103.890410958904
1887 4 2 2 439750 4467250 156.8 34 35.8
1891 4 4 0 439500 4467000 260.407407407407 45 144.444444444444
